station name, X, Y, id
             352   313     1
             463   396     1
             573   479     1
             220   383     1
             332   466     1
             443   548     1
             742   461     1
             911   443     1
             771   567     1
             941   550     1
             602   586     1
# old
             340   289     1
             451   372     1
             560   455     1
             668   539     1
             774   623     1
             207   359     1
             321   442     1
             432   525     1
             542   609     1
             650   693     1